Statistic,Value
Mean,0.0
Max,0.0
Min,0.0
Variance,0.0
Deviation,0.0
Count,20
meanConfidence,0.0
